family
00030303030404040406060606060605
01010101010202020202070808080805
01010101010202020202070707010105
01010101010202020202020202010101
00000000000a0a0a0a0a0b0b0b0b0b09
00000000000a0a0a0a0a0b0b0b0b0b09
00000000000a0a0a0a0a0b0b0b0b0b09
00000000000000000000000000000000
00000000000000000000000000000000
00000000000000000000000000000000
00000000000000000000000000000000
00000000000000000000000000000000
00000000000000000000000000000000
00000000000000000000000000000000
00000000000000000000000000000000
00000000000000000000000000000000

physics
00000000000000000002020202020200
01010101010101010101000202020203
01010101010101010101020202010100
01010101010101010101010101010101
00000101010101010101010101010101
00000101010101010101010101010101
00000101010101010101010101010101
00000101010101010101010101010100
01010101010101010101010001000000
00000000000000000000000000010000
00000000000000000000000000000000
00000000000000000000000000000000
00000000000000000000000000000000
00000000000000000000000000000000
00000000000000000000000000000000
00000000000000000000000000000000

neighbors
00000000000000000008181818100002
0b1f16fefb0b1f16fefb030818181042
6bffd6df7f6bffd6df7f481810ffff40
68f8d0000068f8d00000ffffffffffff
00000000000b1f16fefb0b1f16fefb02
00000000006bffd6df7f6bffd6df7f42
000000000068f8d0000068f8d0000040
00000000000000000000000000000000
00000000000000000000000000000000
00000000000000000000000000000000
00000000000000000000000000000000
00000000000000000000000000000000
00000000000000000000000000000000
00000000000000000000000000000000
00000000000000000000000000000000
00000000000000000000000000000000

