10111111111111111111111111111111111111111111111111111111111111111111111111111112
20133131313131313131313131313131313131313131313131313131313131313131313131311422
20220000000000000000000000000000000000000000000000000000000000000000000000002022
20220000000000000000000000000000000000000000000000000000000000000000000000002022
20220000000000000000000000000000000000000000000000000000000000000000000000002022
20220000000000000000000000000000000000000000000000000000000000000000000000002022
20220000000000000000000000000000000000000000000000000000000000000000000000002022
20220000000000000000000000000000000000000000000000000000000000000000000000002022
20220000000000000000000000000000000000000000000000000000000000000000000000002022
20220000000000000000000000000000000000000000000000000000000000000000000000002022
20220000000000000000000000000000000000000000000000000000000000000000000000002022
20220000000000000000000000000000000000000000000000000000000000000000000000002022
20220000000000000000000000000000000000000000000000000000000000000000000000002022
20220000000000000000000000000000000000000000000000000000000000000000000000002022
20220000000000000000000000000000000000000000000000000000000000000000000000002022
20220000000000000000000000000000000000000000000000000000000000000000000000002022
20220000000000000000000000000000000000000000000000000000000000000000000000002022
20220000000000000000000000000000000000000000000000000000000000000000000000002022
20220000000000000000000000000000000000000000000000000000000000000000000000002022
20220000000000000000000000000000000000000000000000000000000000000000000000002022
20220000000000000000000000000000000000000000000000000000000000000000000000002022
20220000000000000000000000000000000000000000000000000000000000000000000000002022
20220000000000000000000000000000000000000000000000000000000000000000000000002022
20220000000000000000000000000000000000000000000000000000000000000000000000002022
20220000000000000000000000000000000000000000000000000000000000000000000000002022
20220000000000000000000000000000000000000000000000000000000000000000000000002022
20220000000000000000000000000000000000000000000000000000000000000000000000002022
20220000000000000000000000000000000000000000000000000000000000000000000000002022
20220000000000000000000000000000000000000000000000000000000000000000000000002022
20220000000000000000000000000000000000000000000000000000000000000000000000002022
20220302040404010402040301040404040304020404020400000001040202020204020301032022
20231111111111111111111111111111111111111111111200000010111111111111111111112422
20212121212121212121212121212121212121212121212200000020212121212121212121212122
20212121212121212121212121212121212121212121212200000020212121212121212121212122
20212121212121212121212121212121212121212121212200000020212121212121212121212122
20212121212121212121212121212121212121212121212200000020212121212121212121212122
20212121212121212121212121212121212121212121212200000020212121212121212121212122
20212121212121212121212121212121212121212121212200000020212121212121212121212122
20212121212121212121212121212121212121212121212200000020212121212121212121212122
30313131313131313131313131313131313131313131313200000030313131313131313131313132

image image:3
