10111111111111111111111111111111111111111111111111111111111111111111111111111112
20133131313131313131313131313131313131313131313131313131313131313131313131311422
20220000000000000000000000000000000000000000000000000000000000000000000000002022
20220000000000000000000000000000000000000000000000000000000000000000000000002022
20220000000000000000000000000000000000000000000000000000000000000000000000002022
20220000000000000000000000000000000000000000000000000000000000000000000000002022
20220000000000000000000000000000000000000000000000000000000000000000000000002022
20220000000000000000000000000000000000000000000000000000000000000000000000002022
20220000000000000000000000000000000000000000000000000000000000000000000000002022
20220000000000000000000000000000000000000000000000000000000000000000000000002022
20220000000000000000000000000000000000000000000000000000000000000000000000003032
20220000000000000000000000000000000000000000000000000000000000000000000000000000
20220000000000000000000000000000000000000000000000000000000000000000000000000000
20220000000000000000000000000000000000000000000000000000000003030203040103030203
20220000000000000000000000000000000000000000000000000000000010111111111111111112
20220000000000000000000000000000000000000000000000000000000020212121212121212122
20220000000000000000000000000000000000000000000000000000000020212121212121212122
20220000000000000000000000000000000000000000000000000000000020212121212121212122
20220000000000000000000000000000000000000000000000000000000020212121212121212122
20220000000000000000000000000000000000000000000000000000000020212121212121212122
20220000000000000000000000000000000000000000000000000000000020212121212121212122
20220000000000000000000000000000000000000000000000000000000020212121212121212122
20220000000000000000000000000000000000000000000000000000000020212121212121212122
20220000000000000000000000000000000000000000000000000000000020212121212121212122
20220000000000000000000000000000000000000000000000000000000020212121212121212122
20220000000000000000000000000000000000000000000000000000000020212121212121212122
20220000000000000000000000000000000000000000000000000000000020212121212121212122
20220000000000000000000000000000000000000000000000000000000020212121212121212122
20220000000000000000000000000000000000000000000000000000000020212121212121212122
20220000000000000000000000000000000000000000000000000000000020212121212121212122
20220000000000000000000000000000000000000000000000000000000020212121212121212122
20220000000000000000000000000000000000000000000000000000000020212121212121212122
20220000000000000000000000000000000000000000000000000000000020212121212121212122
20220000000000000000000000000000000000000000000000000000000020212121212121212122
20220000000000000000000000000000000000000000000000000000000020212121212121212122
20220000000000000000000000000000000000000000000000000000000020212121212121212122
20220000000000000000000000000000000000000000000000000000000020212121212121212122
20220403040202010201020403040404040403020301020101010204040120212121212121212122
20231111111111111111111111111111111111111111111111111111111124212121212121212122
30313131313131313131313131313131313131313131313131313131313131313131313131313132

image image:3
